6601
6593
6581
6578
6565
6553
6719
6708
6699
6690
6682
6670
6660
6790
6780
6771
6766
6752
6738
6733
6953
6940
6924
6916
6904
6893
6886
7073
7062
7045
7034
7025
7009
6995
7257
7242
7231
7217
7204
7190
7183
7446
7439
7422
7408
7397
7387
7377
7604
7602
7591
7585
7579
7564
7548
7755
7740
7728
7718
7704
7687
7682
7985
7972
7963
7956
7946
7935
7920
8226
8217
8206
8193
8176
8163
8149
8445
8426
8413
8399
8386
8377
8368
8621
8607
8595
8582
8571
8560
8547
8869
8851
8838
8828
8816
8808
8789
9106
9094
9083
9071
9060
9048
9030
9323
9306
9289
9280
9266
9250
9232
9535
9524
9513
9505
9490
9476
9465
9747
9738
9725
9708
9697
9688
9673
9916
9899
9883
9866
9856
9841
9831
10026
10007
9997
9982
9968
9948
9928
10048
10037
10023
10005
9988
9971
9957
10113
10095
10078
10065
10055
10040
10014
10210
10192
10175
10157
10145
10125
10109
10257
10244
10229
10214
10201
10186
10168
10294
10275
10256
10242
10232
10213
10195
10278
10265
10247
10236
10224
10209
10194
10297
10278
10262
10248
10228
10214
10201
10295
10278
10254
10235
10218
10205
10189
10280
10256
10243
10223
10210
10192
10171
10229
10208
10188
10172
10151
10134
10122
10175
10157
10140
10121
10107
10088
10079
10165
10148
10129
10111
10100
10079
10070
10097
10081
10064
10050
10034
10023
10007
10026
10014
10007
9992
9978
9956
9937
9995
9986
9972
9958
9938
9915
9904
9952
9937
9919
9909
9897
9884
9865
9874
9862
9841
9824
9805
9788
9777
9787
9776
9758
9738
9723
9706
9696
9746
9729
9715
9705
9690
9672
9657
9670
9655
9631
9615
9597
9581
9565
9575
9560
9548
9533
9518
9504
9495
9521
9514
9502
9487
9468
9453
9440
9487
9471
9459
9445
9428
9416
9402
9434
9425
9406
9392
9373
9361
9348
9368
9354
9339
9318
9303
9292
9279
9297
9283
9273
9264
9247
9236
9219
9267
9261
9249
9233
9219
9202
9188
9245
9232
9222
9213
9197
9180
9163
9199
9185
9167
9154
9140
9123
9111
9179
9165
9152
9141
9128
9117
9099
9161
9146
9130
9117
9099
9085
9060
9129
9116
9098
9084
9061
9052
9033
9100
9089
